2 67 4 5 11 12 13 17 18 25 26 40 78 79 142 380 382 383 384 391 501 505 507 515 517 519 521 525 1000 1001 1002 1003 1005 1006 1007 1008 1009 1010 1011 1012 1013 1014 1015 1016 1017 1018 1019 1020 1021 1022 1023 1024 1025 1026 1027 1028 1029 1030 1031 1032 1033 1034 1035 2005 2013 2021 3001 3004 3007
4 18 2 5 11 17 24 26 96 507 509 511 519 521 1007 1013 1016 3004 3005 3007
5 5 2 4 17 18 3007
7 43 15 35 46 61 300 301 302 303 304 305 307 308 309 310 311 312 313 314 315 316 317 318 319 320 321 322 323 324 327 328 329 330 331 332 333 335 336 337 338 339 341 371 373
11 16 2 4 12 24 26 142 382 501 507 509 515 517 519 521 3004 3007
12 8 2 11 13 18 26 78 142 3001
13 6 2 12 18 25 78 142
15 26 7 19 35 40 46 61 300 303 309 310 311 320 321 322 331 334 335 344 345 354 355 356 371 373 375 377
17 15 2 4 5 18 40 78 505 507 1006 1007 1010 1013 1016 3004 3007
18 10 2 5 12 13 17 40 78 1006 1035 3001
19 5 15 24 40 506 507
24 26 4 11 19 40 43 50 72 100 200 382 384 387 389 500 501 506 507 508 509 510 511 514 515 521 3005 3007
25 4 2 13 78 142
26 9 2 4 11 12 142 380 381 1014 3004
35 25 7 15 40 46 61 300 301 302 312 313 322 323 334 335 346 347 356 371 373 375 377 1006 1016 2006 2016
40 56 2 15 17 18 19 24 35 41 44 53 54 66 71 72 78 79 84 100 200 216 300 301 302 334 335 382 383 384 387 388 389 390 391 500 501 502 503 504 505 506 507 510 511 514 515 516 517 522 523 524 525 1016 3002 3003 3005 3007
41 66 40 43 44 50 51 52 53 54 58 83 142 216 385 386 387 388 390 500 504 506 508 514 516 518 524 1005 1013 1025 2000 2001 2002 2003 2005 2006 2007 2008 2009 2010 2011 2012 2013 2014 2015 2016 2017 2018 2019 2020 2021 2022 2023 2024 2025 2026 2027 2028 2029 2030 2031 2032 2033 2034 2035 3000 3004 3005
43 19 24 41 44 50 53 58 96 500 506 508 510 518 520 524 2013 2021 3004 3005 3007
44 9 40 41 43 53 54 2006 2013 2016 2035
46 45 7 15 35 61 300 301 302 303 304 305 307 311 334 335 336 337 338 339 341 342 343 344 345 346 347 348 349 350 351 352 353 354 355 356 357 358 361 362 363 364 365 366 367 375 377
50 16 24 41 43 51 58 142 387 500 508 510 514 516 518 520 3004 3005
51 7 41 50 52 54 58 142 3000
52 4 41 51 83 142
53 12 40 41 43 44 54 504 506 2006 2010 2016 3004 3005
54 8 40 41 44 51 53 216 2006 2035
58 7 41 43 50 51 142 2014 3004
61 6 7 15 35 46 322 356
66 4 40 79 391 3003
71 3 40 84 390
72 3 24 40 506
77 3 85 1014 4027
78 10 2 12 13 17 18 25 40 85 383 3008
79 5 2 40 66 384 391
83 4 41 52 142 514
84 3 40 71 390
85 7 77 78 215 216 386 388 3008
96 5 4 43 3004 3005 3007
100 9 24 40 200 384 389 391 515 3003 3007
142 20 2 11 12 13 25 26 41 50 51 52 58 83 380 382 385 387 2002 3004 3005 3007
200 10 24 40 100 384 389 514 3002 3003 3005 3007
215 2 85 4028
216 6 40 41 54 85 386 388
300 11 7 15 35 40 46 301 303 334 335 373 377
301 14 7 35 40 46 300 302 303 312 334 335 336 337 373 377
302 15 7 35 40 46 301 303 312 313 314 335 336 337 1007 1013 1016
303 20 7 15 46 300 301 302 304 311 313 314 315 335 336 337 338 345 373 377 1007 1013
304 20 7 46 303 305 307 308 309 310 311 315 316 337 338 339 341 342 343 344 345 373
305 13 7 46 304 306 307 315 316 317 318 338 339 340 341
306 8 305 307 316 317 318 339 340 341
307 15 7 46 304 305 306 308 316 317 318 319 338 339 340 341 342
308 12 7 304 307 309 310 318 319 320 338 341 342 343
309 13 7 15 304 308 310 319 320 321 338 342 343 344 373
310 16 7 15 304 308 309 311 319 320 321 338 343 344 345 355 371 373
311 14 7 15 46 303 304 310 321 337 338 344 345 355 373 377
312 5 7 35 301 302 313
313 7 7 35 302 303 312 314 323
314 10 7 302 303 313 315 323 324 371 1007 1013
315 14 7 303 304 305 314 316 317 323 324 327 338 339 1011 1013
316 12 7 304 305 306 307 315 317 318 324 327 328 371
317 13 7 305 306 307 315 316 318 319 327 328 329 339 340
318 12 7 305 306 307 308 316 317 319 328 329 330 371
319 14 7 307 308 309 310 317 318 320 321 329 330 331 371 373
320 10 7 15 308 309 310 319 321 330 331 371
321 12 7 15 309 310 311 319 320 322 331 355 371 373
322 7 7 15 35 61 321 323 331
323 9 7 35 313 314 315 322 324 1007 1009
324 11 7 314 315 316 323 327 332 1007 1009 1011 1013
327 9 7 315 316 317 324 328 332 333 1011
328 8 7 316 317 318 327 329 332 333
329 8 7 317 318 319 328 330 332 333
330 6 7 318 319 320 329 331
331 7 7 15 319 320 321 322 330
332 7 7 324 327 328 329 333 1011
333 5 7 327 328 329 332
334 11 15 35 40 46 300 301 335 346 347 375 377
335 15 7 15 35 40 46 300 301 302 303 334 336 337 346 347 377
336 10 7 46 301 302 303 335 337 347 348 2013
337 14 7 46 301 302 303 304 311 335 336 338 345 348 349 377
338 19 7 46 303 304 305 307 308 309 310 311 315 337 339 341 342 343 344 345 349
339 14 7 46 304 305 306 307 315 317 338 340 341 349 350 352
340 9 305 306 307 317 339 341 350 351 352
341 14 7 46 304 305 306 307 308 338 339 340 342 350 352 353
342 11 46 304 307 308 309 338 341 343 352 353 354
343 10 46 304 308 309 310 338 342 344 353 354
344 12 15 46 304 309 310 311 338 343 345 353 355 377
345 11 15 46 303 304 310 311 337 338 344 355 377
346 5 35 46 334 335 347
347 11 35 46 334 335 336 346 348 356 357 2007 2013
348 11 46 336 337 347 349 357 358 375 377 2007 2013
349 12 46 337 338 339 348 350 357 358 361 375 2011 2013
350 12 46 339 340 341 349 351 352 353 358 361 362 375
351 7 46 340 350 352 361 362 363
352 12 46 339 340 341 342 350 351 353 362 363 364 375
353 12 46 341 342 343 344 350 352 354 363 364 365 375
354 9 15 46 342 343 353 355 356 364 365
355 11 15 46 310 311 321 344 345 354 356 365 375
356 10 15 35 46 61 347 354 355 357 358 365
357 7 46 347 348 349 356 358 2007
358 12 46 348 349 350 356 357 361 366 375 2007 2011 2013
361 9 46 349 350 351 358 362 366 367 375
362 9 46 350 351 352 361 363 364 366 367
363 7 46 351 352 353 362 364 367
364 8 46 352 353 354 362 363 365 367
365 6 46 353 354 355 356 364
366 7 46 358 361 362 367 2009 2011
367 6 46 361 362 363 364 366
371 11 7 15 35 310 314 316 318 319 320 321 373
373 14 7 15 35 300 301 303 304 309 310 311 319 321 371 377
375 13 15 35 46 334 348 349 350 352 353 355 358 361 377
377 15 15 35 46 300 301 303 311 334 335 337 344 345 348 373 375
380 5 2 26 142 381 382
381 4 26 380 383 385
382 10 2 11 24 40 142 380 383 384 515 3007
383 12 2 40 78 381 382 384 388 389 3002 3003 3007 3008
384 13 2 24 40 79 100 200 382 383 389 391 3003 3005 3007
385 5 41 142 381 386 387
386 6 41 85 216 385 387 388
387 11 24 40 41 50 142 385 386 388 389 514 3005
388 11 40 41 85 216 383 386 387 389 3002 3005 3008
389 12 24 40 100 200 383 384 387 388 390 3002 3003 3005
390 7 40 41 71 84 389 514 3005
391 9 2 40 66 79 100 384 515 517 3007
500 18 24 40 41 43 50 501 506 508 510 511 512 514 516 518 520 522 524 3005
501 17 2 11 24 40 500 507 509 510 511 513 515 517 519 521 523 525 3007
502 5 40 504 506 522 524
503 5 40 505 507 523 525
504 6 40 41 53 502 506 524
505 6 2 17 40 503 507 525
506 18 19 24 40 41 43 53 72 500 502 504 510 512 518 520 522 524 3004 3005
507 19 2 4 11 17 19 24 40 501 503 505 511 513 519 521 523 525 1016 3004 3007
508 11 24 41 43 50 500 510 511 514 516 520 3005
509 8 4 11 24 501 511 515 521 3007
510 14 24 40 43 50 500 501 506 508 511 512 514 518 520 3005
511 13 4 24 40 500 501 507 508 509 510 513 515 521 3005
512 8 500 506 510 514 516 518 522 524
513 8 501 507 511 515 517 519 523 525
514 14 24 40 41 50 83 200 387 390 500 508 510 512 516 3005
515 13 2 11 24 40 100 382 391 501 509 511 513 517 3007
516 12 40 41 50 500 508 512 514 518 520 522 524 3005
517 12 2 11 40 391 501 513 515 519 521 523 525 3007
518 10 41 43 50 500 506 510 512 516 520 524
519 9 2 4 11 501 507 513 517 521 525
520 8 43 50 500 506 508 510 516 518
521 10 2 4 11 24 501 507 509 511 517 519
522 7 40 500 502 506 512 516 524
523 7 40 501 503 507 513 517 525
524 12 40 41 43 500 502 504 506 512 516 518 522 3005
525 10 2 40 501 503 505 507 513 517 519 523
1000 11 2 1012 1018 1020 1022 1024 1030 1031 1034 1035 3001
1001 5 2 1008 1015 1030 1031
1002 7 2 1023 1026 1028 2002 2026 3004
1003 5 2 1018 1024 1027 1028
1005 9 2 41 1011 1013 1021 1025 1029 2005 2021
1006 8 2 17 18 35 1007 1016 1033 1035
1007 14 2 4 17 302 303 314 323 324 1006 1009 1011 1013 1016 1033
1008 6 2 1001 1011 1015 1029 1031
1009 7 2 323 324 1007 1011 1015 1033
1010 8 2 17 1013 1023 1025 2010 2023 3004
1011 15 2 315 324 327 332 1005 1007 1008 1009 1013 1015 1021 1029 2013 2021
1012 12 2 1000 1014 1019 1020 1027 1030 1032 3001 4013 4015 4021
1013 19 2 4 17 41 302 303 314 315 324 1005 1007 1010 1011 1016 1021 1025 2005 2013 2021
1014 9 2 26 77 1012 1026 1028 1032 2014 2026
1015 8 2 1001 1008 1009 1011 1030 1033 4001
1016 10 2 4 17 35 40 302 507 1006 1007 1013
1017 8 2 1022 1023 1024 1025 1028 1029 2017
1018 6 2 1000 1003 1020 1024 1027
1019 5 2 1012 1020 1027 4001
1020 7 2 1000 1012 1018 1019 1027 4001
1021 7 2 1005 1011 1013 1025 2005 2021
1022 8 2 1000 1017 1024 1029 1030 1031 1034
1023 9 2 1002 1010 1017 1025 1028 2010 2023 3004
1024 8 2 1000 1003 1017 1018 1022 1028 1030
1025 15 2 41 1005 1010 1013 1017 1021 1023 1029 2005 2010 2013 2021 2025 3004
1026 7 2 1002 1014 1028 2014 2026 3004
1027 8 2 1003 1012 1018 1019 1020 1028 1032
1028 13 2 1002 1003 1014 1017 1023 1024 1026 1027 1032 2002 2023 2028
1029 9 2 1005 1008 1011 1017 1022 1025 1031 2025
1030 11 2 1000 1001 1012 1015 1022 1024 1031 1033 1034 1035
1031 8 2 1000 1001 1008 1022 1029 1030 1034
1032 5 2 1012 1014 1027 1028
1033 8 2 1006 1007 1009 1015 1030 1035 4001
1034 5 2 1000 1022 1030 1031
1035 6 2 18 1000 1006 1030 1033
2000 11 41 2012 2018 2020 2022 2024 2030 2031 2034 2035 3000
2001 5 41 2008 2015 2030 2031
2002 8 41 142 1002 1028 2023 2026 2028 3004
2003 5 41 2018 2024 2027 2028
2005 12 2 41 1005 1013 1021 1025 2010 2011 2013 2021 2025 2029
2006 9 35 41 44 53 54 2007 2016 2033 2035
2007 11 41 347 348 357 358 2006 2009 2011 2013 2016 2033
2008 6 41 2001 2011 2015 2029 2031
2009 6 41 366 2007 2011 2015 2033
2010 11 41 53 1010 1023 1025 2005 2013 2021 2023 2025 3004
2011 12 41 349 358 366 2005 2007 2008 2009 2013 2015 2021 2029
2012 13 41 2000 2014 2019 2020 2027 2030 2032 3000 4002 4014 4016 4022
2013 20 2 41 43 44 336 347 348 349 358 1011 1013 1025 2005 2007 2010 2011 2016 2021 2025 3004
2014 9 41 58 1014 1026 2012 2026 2028 2032 3004
2015 8 41 2001 2008 2009 2011 2030 2033 4002
2016 7 35 41 44 53 2006 2007 2013
2017 8 41 1017 2022 2023 2024 2025 2028 3004
2018 8 41 2000 2003 2020 2024 2027 2030 4002
2019 6 41 2012 2020 2027 4002 4022
2020 7 41 2000 2012 2018 2019 2027 4002
2021 13 2 41 43 1005 1011 1013 1021 1025 2005 2010 2011 2013 2025
2022 9 41 2000 2017 2024 2025 2029 2030 2031 2034
2023 10 41 1010 1023 1028 2002 2010 2017 2025 2028 3004
2024 9 41 2000 2003 2017 2018 2022 2027 2028 2030
2025 12 41 1025 1029 2005 2010 2013 2017 2021 2022 2023 2029 3004
2026 8 41 1002 1014 1026 2002 2014 2028 3004
2027 9 41 2003 2012 2018 2019 2020 2024 2028 2032
2028 11 41 1028 2002 2003 2014 2017 2023 2024 2026 2027 2032
2029 7 41 2005 2008 2011 2022 2025 2031
2030 14 41 2000 2001 2012 2015 2018 2022 2024 2031 2033 2034 2035 3000 4002
2031 8 41 2000 2001 2008 2022 2029 2030 2034
2032 5 41 2012 2014 2027 2028
2033 9 41 2006 2007 2009 2015 2030 2035 4002 4020
2034 5 41 2000 2022 2030 2031
2035 7 41 44 54 2000 2006 2030 2033
3000 5 41 51 2000 2012 2030
3001 5 2 12 18 1000 1012
3002 7 40 200 383 388 389 3003 3005
3003 9 40 66 100 200 383 384 389 3002 3007
3004 29 2 4 11 17 26 41 43 50 53 58 96 142 506 507 1002 1010 1023 1025 1026 2002 2010 2013 2014 2017 2023 2025 2026 3005 3007
3005 26 4 24 40 41 43 50 53 96 142 200 384 387 388 389 390 500 506 508 510 511 514 516 524 3002 3004 3007
3007 24 2 4 5 11 17 24 40 43 96 100 142 200 382 383 384 391 501 507 509 515 517 3003 3004 3005
3008 6 78 85 383 388 3011 3012
3011 2 3008 3012
3012 2 3008 3011
4001 8 1015 1019 1020 1033 4002 4003 4005 4019
4002 11 2012 2015 2018 2019 2020 2030 2033 4001 4004 4006 4020
4003 3 4001 4041 4047
4004 4 4002 4008 4042 4048
4005 3 4001 4007 4033
4006 3 4002 4008 4034
4007 6 4005 4031 4033 4037 4051 4093
4008 6 4004 4006 4032 4034 4052 4094
4011 3 4015 4017 4027
4012 2 4016 4018
4013 3 1012 4021 4027
4014 3 2012 4022 4028
4015 2 1012 4011
4016 2 2012 4012
4017 1 4011
4018 1 4012
4019 2 4001 4027
4020 3 2033 4002 4028
4021 2 1012 4013
4022 3 2012 2019 4014
4027 4 77 4011 4013 4019
4028 3 215 4014 4020
4030 1 4050
4031 4 4007 4035 4037 4060
4032 3 4008 4036 4060
4033 3 4005 4007 4060
4034 3 4006 4008 4060
4035 4 4031 4037 4050 4060
4036 3 4032 4038 4060
4037 5 4007 4031 4035 4050 4051
4038 4 4036 4050 4052 4060
4041 2 4003 4047
4042 2 4004 4048
4043 1 4045
4044 1 4046
4045 1 4043
4046 1 4044
4047 2 4003 4041
4048 2 4004 4042
4050 7 4030 4035 4037 4038 4051 4052 4060
4051 4 4007 4037 4050 4093
4052 5 4008 4038 4050 4060 4094
4060 15 4031 4032 4033 4034 4035 4036 4038 4050 4052 4061 4062 4077 4078 4087 4088
4061 1 4060
4062 1 4060
4071 2 4075 4099
4072 1 4100
4073 5 4079 4091 4093 4095 4097
4074 5 4076 4092 4094 4096 4098
4075 10 4071 4076 4079 4085 4091 4092 4095 4096 4097 4099
4076 8 4074 4075 4080 4086 4092 4096 4098 4100
4077 2 4060 4087
4078 2 4060 4088
4079 6 4073 4075 4093 4095 4097 4099
4080 4 4076 4094 4098 4100
4083 2 4084 4087
4084 2 4083 4088
4085 3 4075 4095 4096
4086 2 4076 4096
4087 4 4060 4077 4083 4088
4088 4 4060 4078 4084 4087
4089 2 4093 4095
4090 2 4094 4096
4091 5 4073 4075 4093 4095 4097
4092 7 4074 4075 4076 4094 4095 4096 4098
4093 8 4007 4051 4073 4079 4089 4091 4095 4097
4094 8 4008 4052 4074 4080 4090 4092 4096 4098
4095 9 4073 4075 4079 4085 4089 4091 4092 4093 4096
4096 9 4074 4075 4076 4085 4086 4090 4092 4094 4095
4097 6 4073 4075 4079 4091 4093 4099
4098 6 4074 4076 4080 4092 4094 4100
4099 4 4071 4075 4079 4097
4100 4 4072 4076 4080 4098
